Jacobi
N: 256
Iterations: 1000
Distance: 0.358124995630976106
20.00 20.00 20.00 20.00 20.00 20.00 20.00 20.00 20.00 20.00 20.00 20.00 20.00 20.00 20.00 20.00 20.00 20.00 20.00 20.00 20.00 20.00 20.00 20.00 20.00 20.00 20.00 20.00 20.00 20.00 20.00 20.00 20.00 20.00 20.00 20.00 20.00 20.00 20.00 20.00 20.00 20.00 20.00 20.00 20.00 20.00 20.00 20.00 20.00 20.00 20.00 20.00 20.00 20.00 20.00 20.00 20.00 20.00 20.00 20.00 20.00 20.00 20.00 20.00 20.00 20.00 20.00 20.00 20.00 20.00 20.00 20.00 20.00 20.00 20.00 20.00 20.00 20.00 20.00 20.00 20.00 20.00 20.00 20.00 20.00 20.00 20.00 20.00 20.00 20.00 20.00 20.00 20.00 20.00 20.00 20.00 20.00 20.00 20.00 20.00 20.00 20.00 20.00 20.00 20.00 20.00 20.00 20.00 20.00 20.00 20.00 20.00 20.00 20.00 20.00 20.00 20.00 20.00 20.00 20.00 20.00 20.00 20.00 20.00 20.00 20.00 20.00 20.00 20.00 20.00 20.00 20.00 20.00 20.00 20.00 20.00 20.00 20.00 20.00 20.00 20.00 20.00 20.00 20.00 20.00 20.00 20.00 20.00 20.00 20.00 20.00 20.00 20.00 20.00 20.00 20.00 20.00 20.00 20.00 20.00 20.00 20.00 20.00 20.00 20.00 20.00 20.00 20.00 20.00 20.00 20.00 20.00 20.00 20.00 20.00 20.00 20.00 20.00 20.00 20.00 20.00 20.00 20.00 20.00 20.00 20.00 20.00 20.00 20.00 20.00 20.00 20.00 20.00 20.00 20.00 20.00 20.00 20.00 20.00 20.00 20.00 20.00 20.00 20.00 20.00 20.00 20.00 20.00 20.00 20.00 20.00 20.00 20.00 20.00 20.00 20.00 20.00 20.00 20.00 20.00 20.00 20.00 20.00 20.00 20.00 20.00 20.00 20.00 20.00 20.00 20.00 20.00 20.00 20.00 20.00 20.00 20.00 20.00 20.00 20.00 20.00 20.00 20.00 20.00 20.00 20.00 20.00 20.00 20.00 20.00 20.00 20.00 20.00 20.00 20.00 20.00 20.00 20.00 
20.00 19.99 19.97 19.96 19.95 19.94 19.92 19.91 19.90 19.89 19.88 19.87 19.85 19.84 19.83 19.82 19.81 19.80 19.79 19.78 19.78 19.77 19.76 19.75 19.74 19.74 19.73 19.72 19.72 19.71 19.71 19.70 19.70 19.69 19.69 19.69 19.68 19.68 19.68 19.67 19.67 19.67 19.66 19.66 19.66 19.66 19.66 19.66 19.65 19.65 19.65 19.65 19.65 19.65 19.65 19.65 19.65 19.65 19.65 19.65 19.65 19.65 19.65 19.65 19.64 19.64 19.64 19.64 19.64 19.64 19.64 19.64 19.64 19.64 19.64 19.64 19.64 19.64 19.64 19.64 19.64 19.64 19.64 19.64 19.64 19.64 19.64 19.64 19.64 19.64 19.64 19.64 19.64 19.64 19.64 19.64 19.64 19.64 19.64 19.64 19.64 19.64 19.64 19.64 19.64 19.64 19.64 19.64 19.64 19.64 19.64 19.64 19.64 19.64 19.64 19.64 19.64 19.64 19.64 19.64 19.64 19.64 19.64 19.64 19.64 19.64 19.64 19.64 19.64 19.64 19.64 19.64 19.64 19.64 19.64 19.64 19.64 19.64 19.64 19.64 19.64 19.64 19.64 19.64 19.64 19.64 19.64 19.64 19.64 19.64 19.64 19.64 19.64 19.64 19.64 19.64 19.64 19.64 19.64 19.64 19.64 19.64 19.64 19.64 19.64 19.64 19.64 19.64 19.64 19.64 19.64 19.64 19.64 19.64 19.64 19.64 19.64 19.64 19.64 19.64 19.64 19.64 19.64 19.64 19.64 19.64 19.64 19.64 19.64 19.64 19.64 19.64 19.64 19.64 19.64 19.64 19.64 19.64 19.64 19.64 19.64 19.64 19.64 19.64 19.64 19.63 19.63 19.63 19.63 19.63 19.63 19.62 19.62 19.62 19.62 19.61 19.61 19.61 19.60 19.60 19.59 19.58 19.58 19.57 19.56 19.55 19.55 19.53 19.52 19.51 19.50 19.48 19.46 19.45 19.43 19.40 19.38 19.35 19.32 19.28 19.24 19.20 19.14 19.09 19.02 18.94 18.84 18.72 18.58 18.41 18.18 17.88 17.46 16.83 15.81 13.95 10.00 0.00 
20.00 19.97 19.95 19.92 19.90 19.87 19.85 19.82 19.80 19.78 19.75 19.73 19.71 19.69 19.67 19.65 19.63 19.61 19.59 19.57 19.55 19.54 19.52 19.50 19.49 19.48 19.46 19.45 19.44 19.43 19.42 19.41 19.40 19.39 19.38 19.37 19.36 19.36 19.35 19.35 19.34 19.34 19.33 19.33 19.32 19.32 19.32 19.31 19.31 19.31 19.31 19.30 19.30 19.30 19.30 19.30 19.30 19.30 19.29 19.29 19.29 19.29 19.29 19.29 19.29 19.29 19.29 19.29 19.29 19.29 19.29 19.29 19.29 19.29 19.29 19.29 19.29 19.29 19.29 19.29 19.29 19.29 19.29 19.29 19.29 19.29 19.29 19.29 19.29 19.29 19.29 19.29 19.29 19.29 19.29 19.29 19.29 19.29 19.29 19.29 19.29 19.29 19.29 19.29 19.29 19.29 19.29 19.29 19.29 19.29 19.29 19.29 19.29 19.29 19.29 19.29 19.29 19.29 19.29 19.29 19.29 19.29 19.29 19.29 19.29 19.29 19.29 19.29 19.29 19.29 19.29 19.29 19.29 19.29 19.29 19.29 19.29 19.29 19.29 19.29 19.29 19.29 19.29 19.29 19.29 19.29 19.29 19.29 19.29 19.29 19.29 19.29 19.29 19.29 19.29 19.29 19.29 19.29 19.29 19.29 19.29 19.29 19.29 19.29 19.29 19.29 19.29 19.29 19.29 19.29 19.29 19.29 19.29 19.29 19.29 19.29 19.29 19.29 19.29 19.29 19.29 19.29 19.29 19.29 19.29 19.29 19.29 19.29 19.29 19.29 19.29 19.28 19.28 19.28 19.28 19.28 19.28 19.28 19.28 19.28 19.28 19.28 19.27 19.27 19.27 19.27 19.27 19.26 19.26 19.26 19.25 19.25 19.24 19.24 19.23 19.23 19.22 19.21 19.20 19.19 19.18 19.17 19.16 19.14 19.13 19.11 19.09 19.07 19.05 19.02 19.00 18.96 18.93 18.89 18.85 18.81 18.76 18.70 18.64 18.57 18.49 18.40 18.30 18.18 18.04 17.89 17.70 17.48 17.20 16.87 16.44 15.88 15.12 14.05 12.47 10.00 6.05 0.00 
20.00 19.96 19.92 19.89 19.85 19.81 19.77 19.74 19.70 19.67 19.63 19.60 19.56 19.53 19.50 19.47 19.44 19.41 19.38 19.36 19.33 19.30 19.28 19.26 19.24 19.21 19.19 19.18 19.16 19.14 19.12 19.11 19.10 19.08 19.07 19.06 19.05 19.04 19.03 19.02 19.01 19.00 19.00 18.99 18.99 18.98 18.98 18.97 18.97 18.96 18.96 18.96 18.95 18.95 18.95 18.95 18.95 18.94 18.94 18.94 18.94 18.94 18.94 18.94 18.94 18.94 18.94 18.94 18.94 18.94 18.93 18.93 18.93 18.93 18.93 18.93 18.93 18.93 18.93 18.93 18.93 18.93 18.93 18.93 18.93 18.93 18.93 18.93 18.93 18.93 18.93 18.93 18.93 18.93 18.93 18.93 18.93 18.93 18.93 18.93 18.93 18.93 18.93 18.93 18.93 18.93 18.93 18.93 18.93 18.93 18.93 18.93 18.93 18.93 18.93 18.93 18.93 18.93 18.93 18.93 18.93 18.93 18.93 18.93 18.93 18.93 18.93 18.93 18.93 18.93 18.93 18.93 18.93 18.93 18.93 18.93 18.93 18.93 18.93 18.93 18.93 18.93 18.93 18.93 18.93 18.93 18.93 18.93 18.93 18.93 18.93 18.93 18.93 18.93 18.93 18.93 18.93 18.93 18.93 18.93 18.93 18.93 18.93 18.93 18.93 18.93 18.93 18.93 18.93 18.93 18.93 18.93 18.93 18.93 18.93 18.93 18.93 18.93 18.93 18.93 18.93 18.93 18.93 18.93 18.93 18.93 18.93 18.93 18.93 18.93 18.93 18.93 18.93 18.93 18.93 18.93 18.92 18.92 18.92 18.92 18.92 18.92 18.91 18.91 18.91 18.91 18.90 18.90 18.89 18.89 18.88 18.88 18.87 18.86 18.85 18.84 18.83 18.82 18.81 18.79 18.78 18.76 18.74 18.72 18.69 18.67 18.64 18.61 18.58 18.54 18.50 18.45 18.40 18.35 18.29 18.22 18.14 18.06 17.97 17.86 17.75 17.61 17.46 17.29 17.10 16.87 16.60 16.27 15.89 15.42 14.83 14.07 13.09 11.79 10.00 7.53 4.19 0.00 
20.00 19.95 19.90 19.85 19.80 19.75 19.70 19.65 19.60 19.56 19.51 19.46 19.42 19.38 19.34 19.29 19.25 19.22 19.18 19.14 19.11 19.07 19.04 19.01 18.98 18.96 18.93 18.90 18.88 18.86 18.84 18.82 18.80 18.78 18.76 18.75 18.73 18.72 18.71 18.70 18.69 18.68 18.67 18.66 18.65 18.64 18.64 18.63 18.63 18.62 18.62 18.61 18.61 18.61 18.60 18.60 18.60 18.60 18.59 18.59 18.59 18.59 18.59 18.59 18.59 18.59 18.59 18.58 18.58 18.58 18.58 18.58 18.58 18.58 18.58 18.58 18.58 18.58 18.58 18.58 18.58 18.58 18.58 18.58 18.58 18.58 18.58 18.58 18.58 18.58 18.58 18.58 18.58 18.58 18.58 18.58 18.58 18.58 18.58 18.58 18.58 18.58 18.58 18.58 18.58 18.58 18.58 18.58 18.58 18.58 18.58 18.58 18.58 18.58 18.58 18.58 18.58 18.58 18.58 18.58 18.58 18.58 18.58 18.58 18.58 18.58 18.58 18.58 18.58 18.58 18.58 18.58 18.58 18.58 18.58 18.58 18.58 18.58 18.58 18.58 18.58 18.58 18.58 18.58 18.58 18.58 18.58 18.58 18.58 18.58 18.58 18.58 18.58 18.58 18.58 18.58 18.58 18.58 18.58 18.58 18.58 18.58 18.58 18.58 18.58 18.58 18.58 18.58 18.58 18.58 18.58 18.58 18.58 18.58 18.58 18.58 18.58 18.58 18.58 18.58 18.58 18.58 18.58 18.58 18.58 18.58 18.58 18.58 18.58 18.58 18.58 18.58 18.57 18.57 18.57 18.57 18.57 18.57 18.57 18.56 18.56 18.56 18.56 18.55 18.55 18.54 18.54 18.53 18.53 18.52 18.51 18.50 18.50 18.48 18.47 18.46 18.45 18.43 18.41 18.39 18.37 18.35 18.32 18.30 18.26 18.23 18.19 18.15 18.11 18.06 18.00 17.94 17.88 17.81 17.73 17.64 17.54 17.43 17.31 17.17 17.02 16.85 16.65 16.43 16.18 15.88 15.54 15.14 14.66 14.08 13.37 12.50 11.40 10.00 8.21 5.95 3.17 0.00 
20.00 19.94 19.87 19.81 19.75 19.69 19.63 19.57 19.51 19.45 19.39 19.33 19.28 19.22 19.17 19.12 19.07 19.02 18.98 18.93 18.89 18.85 18.81 18.77 18.73 18.70 18.66 18.63 18.60 18.58 18.55 18.52 18.50 18.48 18.46 18.44 18.42 18.40 18.39 18.37 18.36 18.35 18.34 18.33 18.32 18.31 18.30 18.29 18.29 18.28 18.28 18.27 18.27 18.26 18.26 18.26 18.25 18.25 18.25 18.25 18.24 18.24 18.24 18.24 18.24 18.24 18.24 18.24 18.24 18.23 18.23 18.23 18.23 18.23 18.23 18.23 18.23 18.23 18.23 18.23 18.23 18.23 18.23 18.23 18.23 18.23 18.23 18.23 18.23 18.23 18.23 18.23 18.23 18.23 18.23 18.23 18.23 18.23 18.23 18.23 18.23 18.23 18.23 18.23 18.23 18.23 18.23 18.23 18.23 18.23 18.23 18.23 18.23 18.23 18.23 18.23 18.23 18.23 18.23 18.23 18.23 18.23 18.23 18.23 18.23 18.23 18.23 18.23 18.23 18.23 18.23 18.23 18.23 18.23 18.23 18.23 18.23 18.23 18.23 18.23 18.23 18.23 18.23 18.23 18.23 18.23 18.23 18.23 18.23 18.23 18.23 18.23 18.23 18.23 18.23 18.23 18.23 18.23 18.23 18.23 18.23 18.23 18.23 18.23 18.23 18.23 18.23 18.23 18.23 18.23 18.23 18.23 18.23 18.23 18.23 18.23 18.23 18.23 18.23 18.23 18.23 18.23 18.23 18.23 18.23 18.23 18.23 18.23 18.23 18.23 18.23 18.22 18.22 18.22 18.22 18.22 18.22 18.22 18.21 18.21 18.21 18.20 18.20 18.20 18.19 18.19 18.18 18.17 18.16 18.16 18.15 18.14 18.12 18.11 18.10 18.08 18.06 18.04 18.02 18.00 17.97 17.94 17.91 17.88 17.84 17.80 17.75 17.70 17.64 17.58 17.52 17.44 17.36 17.27 17.17 17.07 16.94 16.81 16.66 16.50 16.31 16.10 15.87 15.60 15.30 14.95 14.55 14.08 13.53 12.88 12.09 11.15 10.00 8.60 6.91 4.88 2.54 0.00 
20.00 19.92 19.85 19.77 19.70 19.63 19.55 19.48 19.41 19.34 19.27 19.20 19.14 19.07 19.01 18.95 18.89 18.83 18.78 18.72 18.67 18.62 18.57 18.53 18.48 18.44 18.40 18.37 18.33 18.30 18.27 18.24 18.21 18.18 18.16 18.13 18.11 18.09 18.07 18.06 18.04 18.03 18.01 18.00 17.99 17.98 17.97 17.96 17.95 17.95 17.94 17.93 17.93 17.92 17.92 17.91 17.91 17.91 17.91 17.90 17.90 17.90 17.90 17.90 17.89 17.89 17.89 17.89 17.89 17.89 17.89 17.89 17.89 17.89 17.89 17.89 17.89 17.89 17.89 17.89 17.89 17.89 17.89 17.89 17.89 17.89 17.89 17.89 17.89 17.89 17.89 17.89 17.89 17.89 17.89 17.89 17.89 17.89 17.89 17.89 17.89 17.89 17.89 17.89 17.89 17.89 17.89 17.89 17.89 17.89 17.89 17.89 17.89 17.89 17.89 17.89 17.89 17.89 17.89 17.89 17.89 17.89 17.89 17.89 17.89 17.89 17.89 17.89 17.89 17.89 17.89 17.89 17.89 17.89 17.89 17.89 17.89 17.89 17.89 17.89 17.89 17.89 17.89 17.89 17.89 17.89 17.89 17.89 17.89 17.89 17.89 17.89 17.89 17.89 17.89 17.89 17.89 17.89 17.89 17.89 17.89 17.89 17.89 17.89 17.88 17.88 17.88 17.88 17.88 17.88 17.88 17.88 17.88 17.88 17.88 17.88 17.88 17.88 17.88 17.88 17.88 17.88 17.88 17.88 17.88 17.88 17.88 17.88 17.88 17.88 17.88 17.88 17.88 17.87 17.87 17.87 17.87 17.87 17.86 17.86 17.86 17.85 17.85 17.84 17.84 17.83 17.82 17.82 17.81 17.80 17.78 17.77 17.76 17.74 17.73 17.71 17.69 17.66 17.64 17.61 17.58 17.54 17.51 17.46 17.42 17.37 17.31 17.25 17.19 17.12 17.04 16.95 16.85 16.75 16.63 16.51 16.36 16.21 16.04 15.84 15.63 15.39 15.12 14.81 14.47 14.08 13.62 13.11 12.50 11.80 10.97 10.00 8.85 7.50 5.93 4.12 2.12 0.00 
20.00 19.91 19.82 19.74 19.65 19.57 19.48 19.40 19.31 19.23 19.15 19.07 19.00 18.92 18.85 18.78 18.71 18.64 18.58 18.52 18.46 18.40 18.34 18.29 18.24 18.19 18.15 18.10 18.06 18.02 17.99 17.95 17.92 17.89 17.86 17.83 17.81 17.78 17.76 17.74 17.72 17.71 17.69 17.68 17.66 17.65 17.64 17.63 17.62 17.61 17.61 17.60 17.59 17.59 17.58 17.58 17.57 17.57 17.57 17.56 17.56 17.56 17.56 17.56 17.55 17.55 17.55 17.55 17.55 17.55 17.55 17.55 17.55 17.55 17.55 17.55 17.54 17.54 17.54 17.54 17.54 17.54 17.54 17.54 17.54 17.54 17.54 17.54 17.54 17.54 17.54 17.54 17.54 17.54 17.54 17.54 17.54 17.54 17.54 17.54 17.54 17.54 17.54 17.54 17.54 17.54 17.54 17.54 17.54 17.54 17.54 17.54 17.54 17.54 17.54 17.54 17.54 17.54 17.54 17.54 17.54 17.54 17.54 17.54 17.54 17.54 17.54 17.54 17.54 17.54 17.54 17.54 17.54 17.54 17.54 17.54 17.54 17.54 17.54 17.54 17.54 17.54 17.54 17.54 17.54 17.54 17.54 17.54 17.54 17.54 17.54 17.54 17.54 17.54 17.54 17.54 17.54 17.54 17.54 17.54 17.54 17.54 17.54 17.54 17.54 17.54 17.54 17.54 17.54 17.54 17.54 17.54 17.54 17.54 17.54 17.54 17.54 17.54 17.54 17.54 17.54 17.54 17.54 17.54 17.54 17.54 17.54 17.54 17.54 17.54 17.54 17.53 17.53 17.53 17.53 17.53 17.52 17.52 17.52 17.51 17.51 17.51 17.50 17.49 17.49 17.48 17.47 17.46 17.45 17.44 17.43 17.41 17.40 17.38 17.36 17.34 17.31 17.29 17.26 17.22 17.19 17.15 17.10 17.06 17.00 16.95 16.88 16.82 16.74 16.66 16.57 16.47 16.36 16.24 16.11 15.96 15.80 15.62 15.43 15.21 14.97 14.70 14.40 14.06 13.69 13.26 12.77 12.21 11.58 10.84 10.00 9.03 7.91 6.63 5.17 3.56 1.82 0.00 
20.00 19.90 19.80 19.70 19.60 19.51 19.41 19.31 19.22 19.13 19.04 18.95 18.86 18.77 18.69 18.61 18.53 18.46 18.38 18.31 18.24 18.18 18.12 18.06 18.00 17.94 17.89 17.84 17.79 17.75 17.71 17.67 17.63 17.60 17.57 17.53 17.51 17.48 17.46 17.43 17.41 17.39 17.37 17.36 17.34 17.33 17.32 17.31 17.29 17.29 17.28 17.27 17.26 17.26 17.25 17.24 17.24 17.24 17.23 17.23 17.23 17.22 17.22 17.22 17.22 17.22 17.21 17.21 17.21 17.21 17.21 17.21 17.21 17.21 17.21 17.21 17.21 17.21 17.21 17.21 17.21 17.21 17.21 17.21 17.21 17.21 17.21 17.21 17.21 17.21 17.21 17.21 17.21 17.21 17.21 17.21 17.21 17.21 17.21 17.21 17.21 17.21 17.21 17.21 17.21 17.21 17.21 17.21 17.21 17.21 17.21 17.21 17.21 17.21 17.21 17.21 17.21 17.21 17.21 17.21 17.21 17.21 17.21 17.21 17.21 17.21 17.21 17.21 17.21 17.21 17.21 17.21 17.21 17.21 17.21 17.21 17.21 17.21 17.21 17.21 17.21 17.21 17.21 17.21 17.21 17.21 17.21 17.21 17.21 17.21 17.21 17.21 17.21 17.21 17.21 17.21 17.21 17.21 17.21 17.21 17.21 17.21 17.21 17.21 17.21 17.21 17.21 17.21 17.21 17.21 17.21 17.21 17.21 17.21 17.21 17.21 17.20 17.20 17.20 17.20 17.20 17.20 17.20 17.20 17.20 17.20 17.20 17.20 17.20 17.20 17.20 17.20 17.19 17.19 17.19 17.19 17.18 17.18 17.18 17.17 17.17 17.16 17.16 17.15 17.14 17.13 17.12 17.11 17.10 17.09 17.07 17.06 17.04 17.02 17.00 16.97 16.94 16.91 16.88 16.84 16.80 16.76 16.71 16.66 16.60 16.53 16.46 16.39 16.30 16.21 16.11 16.00 15.87 15.74 15.59 15.43 15.25 15.06 14.84 14.60 14.34 14.05 13.72 13.36 12.95 12.49 11.98 11.40 10.74 10.00 9.16 8.20 7.12 5.92 4.58 3.13 1.59 0.00 
20.00 19.89 19.78 19.67 19.56 19.45 19.34 19.23 19.13 19.02 18.92 18.82 18.72 18.63 18.54 18.45 18.36 18.27 18.19 18.11 18.03 17.96 17.89 17.82 17.76 17.70 17.64 17.59 17.53 17.48 17.44 17.39 17.35 17.31 17.28 17.24 17.21 17.18 17.15 17.13 17.10 17.08 17.06 17.04 17.03 17.01 17.00 16.99 16.97 16.96 16.95 16.94 16.94 16.93 16.92 16.92 16.91 16.91 16.90 16.90 16.90 16.89 16.89 16.89 16.89 16.89 16.88 16.88 16.88 16.88 16.88 16.88 16.88 16.88 16.88 16.88 16.88 16.88 16.88 16.88 16.88 16.87 16.87 16.87 16.87 16.87 16.87 16.87 16.87 16.87 16.87 16.87 16.87 16.87 16.87 16.87 16.87 16.87 16.87 16.87 16.87 16.87 16.87 16.87 16.87 16.87 16.87 16.87 16.87 16.87 16.87 16.87 16.87 16.87 16.87 16.87 16.87 16.87 16.87 16.87 16.87 16.87 16.87 16.87 16.87 16.87 16.87 16.87 16.87 16.87 16.87 16.87 16.87 16.87 16.87 16.87 16.87 16.87 16.87 16.87 16.87 16.87 16.87 16.87 16.87 16.87 16.87 16.87 16.87 16.87 16.87 16.87 16.87 16.87 16.87 16.87 16.87 16.87 16.87 16.87 16.87 16.87 16.87 16.87 16.87 16.87 16.87 16.87 16.87 16.87 16.87 16.87 16.87 16.87 16.87 16.87 16.87 16.87 16.87 16.87 16.87 16.87 16.87 16.87 16.87 16.87 16.87 16.87 16.87 16.87 16.86 16.86 16.86 16.86 16.86 16.85 16.85 16.85 16.84 16.84 16.83 16.83 16.82 16.81 16.80 16.79 16.78 16.77 16.76 16.74 16.73 16.71 16.69 16.67 16.64 16.61 16.58 16.55 16.51 16.47 16.43 16.38 16.32 16.26 16.20 16.13 16.05 15.96 15.87 15.77 15.66 15.54 15.40 15.25 15.09 14.92 14.73 14.51 14.28 14.02 13.74 13.43 13.08 12.70 12.27 11.79 11.26 10.66 10.00 9.26 8.42 7.50 6.47 5.34 4.11 2.80 1.42 0.00 
20.00 19.88 19.75 19.63 19.51 19.39 19.27 19.15 19.04 18.92 18.81 18.70 18.59 18.49 18.38 18.28 18.19 18.09 18.00 17.91 17.83 17.75 17.67 17.60 17.53 17.46 17.39 17.33 17.28 17.22 17.17 17.12 17.07 17.03 16.99 16.95 16.92 16.89 16.86 16.83 16.80 16.78 16.76 16.74 16.72 16.70 16.69 16.67 16.66 16.65 16.64 16.63 16.62 16.61 16.60 16.60 16.59 16.59 16.58 16.58 16.57 16.57 16.57 16.56 16.56 16.56 16.56 16.56 16.56 16.56 16.55 16.55 16.55 16.55 16.55 16.55 16.55 16.55 16.55 16.55 16.55 16.55 16.55 16.55 16.55 16.55 16.55 16.55 16.55 16.55 16.55 16.55 16.55 16.55 16.55 16.55 16.55 16.55 16.55 16.55 16.55 16.55 16.55 16.55 16.55 16.55 16.55 16.55 16.55 16.55 16.55 16.55 16.55 16.55 16.55 16.55 16.55 16.55 16.55 16.55 16.55 16.55 16.55 16.55 16.55 16.55 16.55 16.55 16.55 16.55 16.55 16.55 16.55 16.55 16.55 16.55 16.55 16.55 16.55 16.55 16.55 16.55 16.55 16.55 16.55 16.55 16.55 16.55 16.55 16.55 16.55 16.55 16.55 16.55 16.55 16.55 16.55 16.55 16.55 16.55 16.55 16.55 16.55 16.55 16.55 16.55 16.55 16.55 16.55 16.55 16.55 16.55 16.55 16.55 16.55 16.55 16.55 16.55 16.55 16.55 16.55 16.55 16.54 16.54 16.54 16.54 16.54 16.54 16.54 16.54 16.54 16.54 16.53 16.53 16.53 16.53 16.52 16.52 16.51 16.51 16.50 16.50 16.49 16.48 16.47 16.46 16.45 16.44 16.42 16.40 16.39 16.37 16.34 16.32 16.29 16.26 16.23 16.19 16.15 16.11 16.06 16.00 15.95 15.88 15.81 15.73 15.65 15.55 15.45 15.34 15.22 15.09 14.94 14.79 14.61 14.42 14.22 13.99 13.74 13.47 13.17 12.84 12.48 12.08 11.63 11.14 10.60 10.00 9.34 8.60 7.79 6.89 5.92 4.86 3.73 2.52 1.28 0.00 
20.00 19.87 19.73 19.60 19.46 19.33 19.20 19.07 18.95 18.82 18.70 18.58 18.46 18.35 18.23 18.12 18.02 17.92 17.82 17.72 17.63 17.54 17.46 17.37 17.30 17.22 17.15 17.09 17.02 16.96 16.91 16.85 16.80 16.76 16.71 16.67 16.63 16.60 16.57 16.54 16.51 16.48 16.46 16.43 16.41 16.40 16.38 16.36 16.35 16.34 16.32 16.31 16.30 16.30 16.29 16.28 16.27 16.27 16.26 16.26 16.26 16.25 16.25 16.25 16.24 16.24 16.24 16.24 16.24 16.24 16.24 16.23 16.23 16.23 16.23 16.23 16.23 16.23 16.23 16.23 16.23 16.23 16.23 16.23 16.23 16.23 16.23 16.23 16.23 16.23 16.23 16.23 16.23 16.23 16.23 16.23 16.23 16.23 16.23 16.23 16.23 16.23 16.23 16.23 16.23 16.23 16.23 16.23 16.23 16.23 16.23 16.23 16.23 16.23 16.23 16.23 16.23 16.23 16.23 16.23 16.23 16.23 16.23 16.23 16.23 16.23 16.23 16.23 16.23 16.23 16.23 16.23 16.23 16.23 16.23 16.23 16.23 16.23 16.23 16.23 16.23 16.23 16.23 16.23 16.23 16.23 16.23 16.23 16.23 16.23 16.23 16.23 16.23 16.23 16.23 16.23 16.23 16.23 16.23 16.23 16.23 16.23 16.23 16.23 16.23 16.23 16.23 16.23 16.23 16.23 16.23 16.23 16.23 16.23 16.23 16.23 16.23 16.23 16.23 16.23 16.23 16.23 16.23 16.22 16.22 16.22 16.22 16.22 16.22 16.22 16.22 16.21 16.21 16.21 16.21 16.20 16.20 16.20 16.19 16.18 16.18 16.17 16.16 16.15 16.14 16.13 16.12 16.11 16.09 16.07 16.05 16.03 16.01 15.98 15.95 15.92 15.88 15.84 15.80 15.75 15.70 15.64 15.58 15.51 15.43 15.35 15.25 15.15 15.05 14.93 14.80 14.66 14.50 14.33 14.15 13.95 13.73 13.49 13.23 12.94 12.63 12.29 11.91 11.50 11.04 10.55 10.00 9.40 8.74 8.02 7.23 6.38 5.45 4.46 3.40 2.30 1.16 0.00 
20.00 19.85 19.71 19.56 19.42 19.28 19.14 19.00 18.86 18.72 18.59 18.46 18.33 18.21 18.09 17.97 17.85 17.74 17.64 17.53 17.43 17.34 17.25 17.16 17.07 16.99 16.92 16.85 16.78 16.71 16.65 16.59 16.54 16.49 16.44 16.40 16.36 16.32 16.28 16.25 16.22 16.19 16.16 16.14 16.12 16.10 16.08 16.06 16.05 16.03 16.02 16.01 16.00 15.99 15.98 15.97 15.97 15.96 15.95 15.95 15.95 15.94 15.94 15.94 15.93 15.93 15.93 15.93 15.93 15.92 15.92 15.92 15.92 15.92 15.92 15.92 15.92 15.92 15.92 15.92 15.92 15.92 15.92 15.92 15.92 15.92 15.92 15.92 15.92 15.92 15.92 15.92 15.92 15.92 15.92 15.92 15.92 15.92 15.92 15.92 15.92 15.92 15.92 15.92 15.92 15.92 15.92 15.92 15.92 15.92 15.92 15.92 15.92 15.92 15.92 15.92 15.92 15.92 15.92 15.92 15.92 15.92 15.92 15.92 15.92 15.92 15.92 15.92 15.92 15.92 15.92 15.92 15.92 15.92 15.92 15.92 15.92 15.92 15.92 15.92 15.92 15.92 15.92 15.92 15.92 15.92 15.92 15.92 15.92 15.92 15.92 15.92 15.92 15.92 15.92 15.92 15.92 15.92 15.92 15.92 15.92 15.92 15.92 15.92 15.92 15.92 15.92 15.92 15.92 15.92 15.92 15.92 15.92 15.92 15.92 15.91 15.91 15.91 15.91 15.91 15.91 15.91 15.91 15.91 15.91 15.91 15.91 15.91 15.91 15.90 15.90 15.90 15.90 15.90 15.89 15.89 15.88 15.88 15.87 15.87 15.86 15.85 15.85 15.84 15.83 15.81 15.80 15.78 15.77 15.75 15.73 15.70 15.68 15.65 15.62 15.58 15.54 15.50 15.45 15.40 15.35 15.28 15.21 15.14 15.06 14.97 14.87 14.77 14.65 14.52 14.39 14.24 14.07 13.90 13.70 13.49 13.26 13.01 12.74 12.44 12.12 11.77 11.38 10.96 10.50 10.00 9.45 8.86 8.21 7.51 6.74 5.92 5.05 4.12 3.13 2.11 1.06 0.00 
20.00 19.84 19.69 19.53 19.38 19.22 19.07 18.92 18.77 18.63 18.49 18.35 18.21 18.07 17.94 17.82 17.69 17.57 17.46 17.35 17.24 17.14 17.04 16.94 16.85 16.77 16.69 16.61 16.54 16.47 16.40 16.34 16.28 16.23 16.18 16.13 16.08 16.04 16.00 15.97 15.93 15.90 15.88 15.85 15.83 15.81 15.79 15.77 15.75 15.74 15.72 15.71 15.70 15.69 15.68 15.67 15.66 15.66 15.65 15.65 15.64 15.64 15.64 15.63 15.63 15.63 15.62 15.62 15.62 15.62 15.62 15.62 15.62 15.62 15.62 15.61 15.61 15.61 15.61 15.61 15.61 15.61 15.61 15.61 15.61 15.61 15.61 15.61 15.61 15.61 15.61 15.61 15.61 15.61 15.61 15.61 15.61 15.61 15.61 15.61 15.61 15.61 15.61 15.61 15.61 15.61 15.61 15.61 15.61 15.61 15.61 15.61 15.61 15.61 15.61 15.61 15.61 15.61 15.61 15.61 15.61 15.61 15.61 15.61 15.61 15.61 15.61 15.61 15.61 15.61 15.61 15.61 15.61 15.61 15.61 15.61 15.61 15.61 15.61 15.61 15.61 15.61 15.61 15.61 15.61 15.61 15.61 15.61 15.61 15.61 15.61 15.61 15.61 15.61 15.61 15.61 15.61 15.61 15.61 15.61 15.61 15.61 15.61 15.61 15.61 15.61 15.61 15.61 15.61 15.61 15.61 15.61 15.61 15.61 15.61 15.61 15.61 15.61 15.61 15.61 15.61 15.61 15.61 15.61 15.61 15.60 15.60 15.60 15.60 15.60 15.60 15.59 15.59 15.59 15.59 15.58 15.58 15.57 15.57 15.56 15.55 15.55 15.54 15.53 15.51 15.50 15.49 15.47 15.45 15.43 15.41 15.38 15.36 15.33 15.29 15.25 15.21 15.17 15.12 15.06 15.00 14.94 14.86 14.79 14.70 14.60 14.50 14.39 14.27 14.14 13.99 13.83 13.66 13.48 13.27 13.06 12.82 12.56 12.28 11.97 11.64 11.28 10.89 10.46 10.00 9.50 8.96 8.37 7.73 7.05 6.31 5.53 4.70 3.82 2.90 1.96 0.98 0.00 
20.00 19.83 19.67 19.50 19.34 19.17 19.01 18.85 18.69 18.54 18.38 18.23 18.09 17.94 17.80 17.67 17.54 17.41 17.29 17.17 17.05 16.94 16.84 16.74 16.64 16.55 16.46 16.38 16.30 16.23 16.16 16.09 16.03 15.97 15.92 15.87 15.82 15.77 15.73 15.69 15.66 15.63 15.60 15.57 15.54 15.52 15.50 15.48 15.46 15.45 15.43 15.42 15.41 15.40 15.39 15.38 15.37 15.36 15.36 15.35 15.35 15.34 15.34 15.34 15.33 15.33 15.33 15.33 15.32 15.32 15.32 15.32 15.32 15.32 15.32 15.32 15.32 15.32 15.32 15.32 15.32 15.31 15.31 15.31 15.31 15.31 15.31 15.31 15.31 15.31 15.31 15.31 15.31 15.31 15.31 15.31 15.31 15.31 15.31 15.31 15.31 15.31 15.31 15.31 15.31 15.31 15.31 15.31 15.31 15.31 15.31 15.31 15.31 15.31 15.31 15.31 15.31 15.31 15.31 15.31 15.31 15.31 15.31 15.31 15.31 15.31 15.31 15.31 15.31 15.31 15.31 15.31 15.31 15.31 15.31 15.31 15.31 15.31 15.31 15.31 15.31 15.31 15.31 15.31 15.31 15.31 15.31 15.31 15.31 15.31 15.31 15.31 15.31 15.31 15.31 15.31 15.31 15.31 15.31 15.31 15.31 15.31 15.31 15.31 15.31 15.31 15.31 15.31 15.31 15.31 15.31 15.31 15.31 15.31 15.31 15.31 15.31 15.31 15.31 15.31 15.31 15.31 15.31 15.31 15.31 15.31 15.31 15.30 15.30 15.30 15.30 15.30 15.29 15.29 15.29 15.28 15.28 15.27 15.27 15.26 15.25 15.24 15.23 15.22 15.21 15.20 15.18 15.16 15.14 15.12 15.10 15.07 15.04 15.01 14.98 14.94 14.89 14.84 14.79 14.73 14.67 14.60 14.52 14.44 14.35 14.25 14.14 14.03 13.90 13.76 13.61 13.45 13.27 13.07 12.87 12.64 12.39 12.13 11.84 11.53 11.19 10.82 10.43 10.00 9.54 9.04 8.50 7.92 7.30 6.64 5.94 5.19 4.40 3.57 2.71 1.82 0.91 0.00 
20.00 19.82 19.65 19.47 19.29 19.12 18.95 18.78 18.61 18.45 18.28 18.12 17.97 17.82 17.67 17.52 17.39 17.25 17.12 16.99 16.87 16.76 16.64 16.54 16.43 16.34 16.24 16.16 16.07 15.99 15.92 15.85 15.78 15.72 15.66 15.61 15.56 15.51 15.47 15.43 15.39 15.36 15.33 15.30 15.27 15.24 15.22 15.20 15.18 15.17 15.15 15.14 15.12 15.11 15.10 15.09 15.09 15.08 15.07 15.07 15.06 15.06 15.05 15.05 15.05 15.04 15.04 15.04 15.04 15.03 15.03 15.03 15.03 15.03 15.03 15.03 15.03 15.03 15.03 15.03 15.03 15.03 15.03 15.03 15.03 15.03 15.03 15.03 15.02 15.02 15.02 15.02 15.02 15.02 15.02 15.02 15.02 15.02 15.02 15.02 15.02 15.02 15.02 15.02 15.02 15.02 15.02 15.02 15.02 15.02 15.02 15.02 15.02 15.02 15.02 15.02 15.02 15.02 15.02 15.02 15.02 15.02 15.02 15.02 15.02 15.02 15.02 15.02 15.02 15.02 15.02 15.02 15.02 15.02 15.02 15.02 15.02 15.02 15.02 15.02 15.02 15.02 15.02 15.02 15.02 15.02 15.02 15.02 15.02 15.02 15.02 15.02 15.02 15.02 15.02 15.02 15.02 15.02 15.02 15.02 15.02 15.02 15.02 15.02 15.02 15.02 15.02 15.02 15.02 15.02 15.02 15.02 15.02 15.02 15.02 15.02 15.02 15.02 15.02 15.02 15.02 15.02 15.02 15.02 15.02 15.02 15.02 15.01 15.01 15.01 15.01 15.01 15.00 15.00 15.00 14.99 14.99 14.98 14.98 14.97 14.96 14.95 14.94 14.93 14.92 14.90 14.88 14.87 14.85 14.82 14.80 14.77 14.74 14.71 14.67 14.63 14.58 14.53 14.48 14.41 14.35 14.28 14.20 14.11 14.01 13.91 13.80 13.68 13.54 13.40 13.24 13.07 12.89 12.69 12.48 12.24 11.99 11.72 11.43 11.11 10.77 10.40 10.00 9.57 9.11 8.62 8.09 7.52 6.92 6.28 5.60 4.88 4.13 3.35 2.54 1.70 0.86 0.00 
20.00 19.81 19.63 19.44 19.25 19.07 18.89 18.71 18.53 18.36 18.19 18.02 17.85 17.69 17.54 17.39 17.24 17.10 16.96 16.82 16.70 16.57 16.45 16.34 16.23 16.13 16.03 15.94 15.85 15.77 15.69 15.62 15.55 15.48 15.42 15.36 15.31 15.26 15.21 15.17 15.13 15.10 15.06 15.03 15.00 14.98 14.95 14.93 14.91 14.89 14.88 14.86 14.85 14.84 14.83 14.82 14.81 14.80 14.79 14.79 14.78 14.78 14.77 14.77 14.77 14.76 14.76 14.76 14.76 14.75 14.75 14.75 14.75 14.75 14.75 14.75 14.75 14.75 14.75 14.75 14.75 14.75 14.75 14.75 14.74 14.74 14.74 14.74 14.74 14.74 14.74 14.74 14.74 14.74 14.74 14.74 14.74 14.74 14.74 14.74 14.74 14.74 14.74 14.74 14.74 14.74 14.74 14.74 14.74 14.74 14.74 14.74 14.74 14.74 14.74 14.74 14.74 14.74 14.74 14.74 14.74 14.74 14.74 14.74 14.74 14.74 14.74 14.74 14.74 14.74 14.74 14.74 14.74 14.74 14.74 14.74 14.74 14.74 14.74 14.74 14.74 14.74 14.74 14.74 14.74 14.74 14.74 14.74 14.74 14.74 14.74 14.74 14.74 14.74 14.74 14.74 14.74 14.74 14.74 14.74 14.74 14.74 14.74 14.74 14.74 14.74 14.74 14.74 14.74 14.74 14.74 14.74 14.74 14.74 14.74 14.74 14.74 14.74 14.74 14.74 14.74 14.74 14.74 14.74 14.74 14.74 14.73 14.73 14.73 14.73 14.73 14.72 14.72 14.72 14.71 14.71 14.70 14.70 14.69 14.68 14.68 14.67 14.66 14.64 14.63 14.61 14.60 14.58 14.56 14.53 14.51 14.48 14.45 14.41 14.37 14.33 14.28 14.23 14.17 14.11 14.04 13.96 13.88 13.79 13.69 13.58 13.47 13.34 13.20 13.05 12.89 12.72 12.53 12.32 12.10 11.87 11.61 11.33 11.04 10.71 10.37 10.00 9.60 9.18 8.72 8.23 7.71 7.16 6.57 5.95 5.30 4.61 3.90 3.15 2.39 1.60 0.80 0.00 
20.00 19.80 19.61 19.41 19.22 19.02 18.83 18.64 18.46 18.27 18.09 17.92 17.74 17.57 17.41 17.25 17.10 16.94 16.80 16.66 16.52 16.40 16.27 16.15 16.04 15.93 15.83 15.73 15.64 15.55 15.47 15.39 15.32 15.25 15.18 15.12 15.07 15.01 14.97 14.92 14.88 14.84 14.81 14.77 14.74 14.72 14.69 14.67 14.65 14.63 14.61 14.60 14.58 14.57 14.56 14.55 14.54 14.53 14.52 14.52 14.51 14.51 14.50 14.50 14.50 14.49 14.49 14.49 14.49 14.48 14.48 14.48 14.48 14.48 14.48 14.48 14.48 14.48 14.47 14.47 14.47 14.47 14.47 14.47 14.47 14.47 14.47 14.47 14.47 14.47 14.47 14.47 14.47 14.47 14.47 14.47 14.47 14.47 14.47 14.47 14.47 14.47 14.47 14.47 14.47 14.47 14.47 14.47 14.47 14.47 14.47 14.47 14.47 14.47 14.47 14.47 14.47 14.47 14.47 14.47 14.47 14.47 14.47 14.47 14.47 14.47 14.47 14.47 14.47 14.47 14.47 14.47 14.47 14.47 14.47 14.47 14.47 14.47 14.47 14.47 14.47 14.47 14.47 14.47 14.47 14.47 14.47 14.47 14.47 14.47 14.47 14.47 14.47 14.47 14.47 14.47 14.47 14.47 14.47 14.47 14.47 14.47 14.47 14.47 14.47 14.47 14.47 14.47 14.47 14.47 14.47 14.47 14.47 14.47 14.47 14.47 14.47 14.47 14.47 14.47 14.47 14.47 14.47 14.47 14.47 14.46 14.46 14.46 14.46 14.46 14.45 14.45 14.45 14.45 14.44 14.44 14.43 14.42 14.42 14.41 14.40 14.39 14.38 14.37 14.35 14.34 14.32 14.30 14.28 14.25 14.22 14.19 14.16 14.12 14.08 14.04 13.99 13.93 13.87 13.81 13.74 13.66 13.57 13.48 13.38 13.27 13.15 13.02 12.87 12.72 12.56 12.38 12.18 11.97 11.75 11.51 11.25 10.97 10.67 10.35 10.00 9.63 9.23 8.81 8.36 7.88 7.37 6.83 6.26 5.66 5.03 4.37 3.69 2.98 2.25 1.51 0.76 0.00 
20.00 19.79 19.59 19.38 19.18 18.98 18.78 18.58 18.38 18.19 18.00 17.82 17.64 17.46 17.29 17.12 16.96 16.80 16.65 16.50 16.36 16.22 16.09 15.97 15.85 15.74 15.63 15.53 15.43 15.34 15.25 15.17 15.09 15.02 14.95 14.89 14.83 14.78 14.73 14.68 14.64 14.60 14.56 14.53 14.49 14.47 14.44 14.42 14.39 14.37 14.36 14.34 14.33 14.31 14.30 14.29 14.28 14.27 14.26 14.26 14.25 14.25 14.24 14.24 14.23 14.23 14.23 14.23 14.22 14.22 14.22 14.22 14.22 14.22 14.21 14.21 14.21 14.21 14.21 14.21 14.21 14.21 14.21 14.21 14.21 14.21 14.21 14.21 14.21 14.21 14.21 14.21 14.21 14.21 14.21 14.21 14.21 14.21 14.21 14.21 14.21 14.21 14.21 14.21 14.21 14.21 14.21 14.21 14.21 14.21 14.21 14.21 14.21 14.21 14.21 14.21 14.21 14.21 14.21 14.21 14.21 14.21 14.21 14.21 14.21 14.21 14.21 14.21 14.21 14.21 14.21 14.21 14.21 14.21 14.21 14.21 14.21 14.21 14.21 14.21 14.21 14.21 14.21 14.21 14.21 14.21 14.21 14.21 14.21 14.21 14.21 14.21 14.21 14.21 14.21 14.21 14.21 14.21 14.21 14.21 14.21 14.21 14.21 14.21 14.21 14.21 14.21 14.21 14.21 14.21 14.21 14.21 14.21 14.21 14.21 14.21 14.21 14.21 14.21 14.21 14.21 14.21 14.20 14.20 14.20 14.20 14.20 14.20 14.20 14.19 14.19 14.19 14.19 14.18 14.18 14.17 14.17 14.16 14.15 14.14 14.14 14.12 14.11 14.10 14.09 14.07 14.05 14.03 14.01 13.98 13.95 13.92 13.89 13.85 13.80 13.76 13.71 13.65 13.59 13.52 13.45 13.36 13.28 13.18 13.08 12.96 12.84 12.70 12.56 12.40 12.23 12.05 11.86 11.64 11.42 11.17 10.91 10.63 10.32 10.00 9.65 9.29 8.89 8.47 8.03 7.56 7.06 6.53 5.98 5.40 4.79 4.16 3.50 2.83 2.14 1.43 0.72 0.00 
20.00 19.78 19.57 19.36 19.14 18.93 18.72 18.52 18.31 18.11 17.91 17.72 17.53 17.35 17.17 16.99 16.82 16.66 16.50 16.35 16.20 16.06 15.92 15.79 15.67 15.55 15.44 15.33 15.23 15.13 15.04 14.96 14.88 14.80 14.73 14.67 14.61 14.55 14.50 14.45 14.40 14.36 14.32 14.29 14.25 14.22 14.20 14.17 14.15 14.13 14.11 14.09 14.08 14.06 14.05 14.04 14.03 14.02 14.01 14.01 14.00 13.99 13.99 13.99 13.98 13.98 13.98 13.97 13.97 13.97 13.97 13.97 13.96 13.96 13.96 13.96 13.96 13.96 13.96 13.96 13.96 13.96 13.96 13.96 13.96 13.96 13.96 13.96 13.96 13.96 13.96 13.96 13.96 13.96 13.96 13.96 13.96 13.96 13.96 13.96 13.96 13.96 13.96 13.96 13.96 13.96 13.96 13.96 13.96 13.96 13.96 13.96 13.96 13.96 13.96 13.96 13.96 13.96 13.96 13.96 13.96 13.96 13.96 13.96 13.96 13.96 13.96 13.96 13.96 13.96 13.96 13.96 13.96 13.96 13.96 13.96 13.96 13.96 13.96 13.96 13.96 13.96 13.96 13.96 13.96 13.96 13.96 13.96 13.96 13.96 13.96 13.96 13.96 13.96 13.96 13.96 13.96 13.96 13.96 13.96 13.96 13.96 13.96 13.96 13.96 13.96 13.96 13.96 13.96 13.96 13.96 13.96 13.96 13.95 13.95 13.95 13.95 13.95 13.95 13.95 13.95 13.95 13.95 13.95 13.95 13.95 13.95 13.94 13.94 13.94 13.94 13.93 13.93 13.93 13.92 13.92 13.91 13.90 13.90 13.89 13.88 13.87 13.86 13.84 13.83 13.81 13.79 13.77 13.75 13.72 13.69 13.66 13.62 13.58 13.54 13.49 13.44 13.38 13.31 13.24 13.17 13.08 12.99 12.89 12.79 12.67 12.54 12.41 12.26 12.10 11.93 11.74 11.54 11.33 11.10 10.85 10.59 10.30 10.00 9.68 9.33 8.96 8.57 8.16 7.72 7.26 6.77 6.26 5.72 5.16 4.57 3.96 3.34 2.69 2.03 1.36 0.68 0.00 
20.00 19.78 19.55 19.33 19.11 18.89 18.67 18.46 18.24 18.03 17.83 17.63 17.43 17.24 17.05 16.87 16.70 16.52 16.36 16.20 16.05 15.90 15.76 15.62 15.49 15.37 15.25 15.14 15.04 14.94 14.84 14.75 14.67 14.59 14.52 14.45 14.39 14.33 14.27 14.22 14.18 14.13 14.09 14.06 14.02 13.99 13.96 13.94 13.91 13.89 13.87 13.85 13.84 13.82 13.81 13.80 13.79 13.78 13.77 13.76 13.76 13.75 13.75 13.74 13.74 13.74 13.73 13.73 13.73 13.72 13.72 13.72 13.72 13.72 13.72 13.72 13.72 13.72 13.72 13.71 13.71 13.71 13.71 13.71 13.71 13.71 13.71 13.71 13.71 13.71 13.71 13.71 13.71 13.71 13.71 13.71 13.71 13.71 13.71 13.71 13.71 13.71 13.71 13.71 13.71 13.71 13.71 13.71 13.71 13.71 13.71 13.71 13.71 13.71 13.71 13.71 13.71 13.71 13.71 13.71 13.71 13.71 13.71 13.71 13.71 13.71 13.71 13.71 13.71 13.71 13.71 13.71 13.71 13.71 13.71 13.71 13.71 13.71 13.71 13.71 13.71 13.71 13.71 13.71 13.71 13.71 13.71 13.71 13.71 13.71 13.71 13.71 13.71 13.71 13.71 13.71 13.71 13.71 13.71 13.71 13.71 13.71 13.71 13.71 13.71 13.71 13.71 13.71 13.71 13.71 13.71 13.71 13.71 13.71 13.71 13.71 13.71 13.71 13.71 13.71 13.71 13.71 13.71 13.71 13.70 13.70 13.70 13.70 13.70 13.70 13.69 13.69 13.69 13.68 13.68 13.67 13.67 13.66 13.65 13.64 13.63 13.62 13.61 13.59 13.58 13.56 13.54 13.52 13.49 13.47 13.44 13.40 13.37 13.33 13.28 13.23 13.18 13.12 13.05 12.98 12.90 12.82 12.72 12.62 12.51 12.39 12.26 12.13 11.97 11.81 11.64 11.45 11.25 11.03 10.80 10.55 10.28 10.00 9.70 9.37 9.03 8.67 8.28 7.87 7.44 6.99 6.51 6.01 5.49 4.94 4.38 3.79 3.19 2.57 1.94 1.30 0.65 0.00 
20.00 19.77 19.54 19.30 19.07 18.85 18.62 18.40 18.18 17.96 17.75 17.54 17.34 17.14 16.94 16.76 16.57 16.40 16.22 16.06 15.90 15.75 15.60 15.46 15.33 15.20 15.08 14.96 14.85 14.75 14.65 14.56 14.47 14.39 14.32 14.25 14.18 14.12 14.06 14.01 13.96 13.91 13.87 13.83 13.80 13.77 13.74 13.71 13.69 13.66 13.64 13.63 13.61 13.59 13.58 13.57 13.56 13.55 13.54 13.53 13.53 13.52 13.51 13.51 13.51 13.50 13.50 13.50 13.49 13.49 13.49 13.49 13.49 13.48 13.48 13.48 13.48 13.48 13.48 13.48 13.48 13.48 13.48 13.48 13.48 13.48 13.48 13.48 13.48 13.48 13.48 13.48 13.48 13.48 13.48 13.48 13.48 13.48 13.48 13.48 13.48 13.48 13.48 13.48 13.48 13.48 13.48 13.48 13.48 13.48 13.48 13.48 13.48 13.48 13.48 13.48 13.48 13.48 13.48 13.48 13.48 13.48 13.48 13.48 13.48 13.48 13.48 13.48 13.48 13.48 13.48 13.48 13.48 13.48 13.48 13.48 13.48 13.48 13.48 13.48 13.48 13.48 13.48 13.48 13.48 13.48 13.48 13.48 13.48 13.48 13.48 13.48 13.48 13.48 13.48 13.48 13.48 13.48 13.48 13.48 13.48 13.48 13.48 13.48 13.48 13.48 13.48 13.48 13.48 13.48 13.48 13.48 13.48 13.48 13.48 13.48 13.48 13.48 13.47 13.47 13.47 13.47 13.47 13.47 13.47 13.47 13.47 13.47 13.46 13.46 13.46 13.45 13.45 13.45 13.44 13.44 13.43 13.42 13.41 13.41 13.40 13.38 13.37 13.36 13.34 13.32 13.30 13.28 13.25 13.23 13.19 13.16 13.12 13.08 13.03 12.98 12.93 12.87 12.80 12.73 12.65 12.56 12.46 12.36 12.25 12.13 12.00 11.86 11.70 11.54 11.36 11.17 10.97 10.75 10.52 10.27 10.00 9.72 9.41 9.09 8.75 8.39 8.01 7.61 7.18 6.74 6.27 5.78 5.27 4.75 4.20 3.64 3.06 2.46 1.86 1.24 0.62 0.00 
20.00 19.76 19.52 19.28 19.04 18.81 18.57 18.34 18.12 17.89 17.67 17.46 17.25 17.04 16.84 16.64 16.45 16.27 16.09 15.92 15.76 15.60 15.45 15.30 15.16 15.03 14.91 14.79 14.67 14.57 14.47 14.37 14.28 14.20 14.12 14.05 13.98 13.91 13.86 13.80 13.75 13.70 13.66 13.62 13.58 13.55 13.52 13.49 13.47 13.45 13.42 13.41 13.39 13.37 13.36 13.35 13.34 13.33 13.32 13.31 13.30 13.30 13.29 13.29 13.28 13.28 13.27 13.27 13.27 13.27 13.26 13.26 13.26 13.26 13.26 13.26 13.26 13.26 13.26 13.26 13.26 13.25 13.25 13.25 13.25 13.25 13.25 13.25 13.25 13.25 13.25 13.25 13.25 13.25 13.25 13.25 13.25 13.25 13.25 13.25 13.25 13.25 13.25 13.25 13.25 13.25 13.25 13.25 13.25 13.25 13.25 13.25 13.25 13.25 13.25 13.25 13.25 13.25 13.25 13.25 13.25 13.25 13.25 13.25 13.25 13.25 13.25 13.25 13.25 13.25 13.25 13.25 13.25 13.25 13.25 13.25 13.25 13.25 13.25 13.25 13.25 13.25 13.25 13.25 13.25 13.25 13.25 13.25 13.25 13.25 13.25 13.25 13.25 13.25 13.25 13.25 13.25 13.25 13.25 13.25 13.25 13.25 13.25 13.25 13.25 13.25 13.25 13.25 13.25 13.25 13.25 13.25 13.25 13.25 13.25 13.25 13.25 13.25 13.25 13.25 13.25 13.25 13.25 13.25 13.24 13.24 13.24 13.24 13.24 13.24 13.23 13.23 13.23 13.22 13.22 13.21 13.20 13.20 13.19 13.18 13.17 13.16 13.14 13.13 13.11 13.09 13.07 13.05 13.02 12.99 12.96 12.93 12.89 12.84 12.80 12.75 12.69 12.63 12.56 12.48 12.40 12.31 12.22 12.11 12.00 11.88 11.74 11.60 11.45 11.28 11.10 10.91 10.70 10.48 10.25 10.00 9.73 9.45 9.15 8.83 8.49 8.13 7.76 7.36 6.94 6.51 6.05 5.58 5.08 4.57 4.04 3.49 2.93 2.36 1.78 1.19 0.60 0.00 
20.00 19.75 19.50 19.26 19.01 18.77 18.53 18.29 18.06 17.82 17.60 17.37 17.16 16.94 16.74 16.54 16.34 16.15 15.97 15.79 15.62 15.46 15.30 15.15 15.01 14.87 14.74 14.62 14.50 14.39 14.29 14.19 14.10 14.01 13.93 13.86 13.79 13.72 13.66 13.60 13.55 13.50 13.46 13.42 13.38 13.35 13.31 13.29 13.26 13.24 13.21 13.20 13.18 13.16 13.15 13.13 13.12 13.11 13.10 13.10 13.09 13.08 13.08 13.07 13.07 13.06 13.06 13.06 13.05 13.05 13.05 13.05 13.05 13.05 13.04 13.04 13.04 13.04 13.04 13.04 13.04 13.04 13.04 13.04 13.04 13.04 13.04 13.04 13.04 13.04 13.04 13.04 13.04 13.04 13.04 13.04 13.04 13.04 13.04 13.04 13.04 13.04 13.04 13.04 13.04 13.04 13.04 13.04 13.04 13.04 13.04 13.04 13.04 13.04 13.04 13.04 13.04 13.04 13.04 13.04 13.04 13.04 13.04 13.04 13.04 13.04 13.04 13.04 13.04 13.04 13.04 13.04 13.04 13.04 13.04 13.04 13.04 13.04 13.04 13.04 13.04 13.04 13.04 13.04 13.04 13.04 13.04 13.04 13.04 13.04 13.04 13.04 13.04 13.04 13.04 13.04 13.04 13.04 13.04 13.04 13.04 13.04 13.04 13.04 13.04 13.04 13.04 13.04 13.04 13.04 13.04 13.04 13.04 13.04 13.04 13.04 13.04 13.04 13.03 13.03 13.03 13.03 13.03 13.03 13.03 13.03 13.03 13.02 13.02 13.02 13.02 13.01 13.01 13.00 13.00 12.99 12.99 12.98 12.97 12.96 12.95 12.94 12.93 12.91 12.89 12.87 12.85 12.83 12.80 12.77 12.74 12.70 12.66 12.62 12.57 12.52 12.46 12.40 12.33 12.25 12.17 12.08 11.98 11.87 11.76 11.64 11.50 11.36 11.20 11.03 10.85 10.66 10.46 10.23 10.00 9.75 9.48 9.20 8.90 8.58 8.25 7.90 7.52 7.13 6.73 6.30 5.85 5.39 4.91 4.41 3.89 3.37 2.83 2.27 1.71 1.15 0.57 0.00 
20.00 19.74 19.49 19.24 18.98 18.73 18.48 18.24 18.00 17.76 17.53 17.30 17.07 16.85 16.64 16.43 16.23 16.04 15.85 15.67 15.49 15.33 15.16 15.01 14.86 14.72 14.59 14.46 14.34 14.23 14.12 14.02 13.93 13.84 13.75 13.68 13.60 13.54 13.47 13.41 13.36 13.31 13.27 13.22 13.18 13.15 13.12 13.09 13.06 13.04 13.01 12.99 12.98 12.96 12.95 12.93 12.92 12.91 12.90 12.89 12.88 12.88 12.87 12.87 12.86 12.86 12.86 12.85 12.85 12.85 12.84 12.84 12.84 12.84 12.84 12.84 12.84 12.84 12.84 12.84 12.83 12.83 12.83 12.83 12.83 12.83 12.83 12.83 12.83 12.83 12.83 12.83 12.83 12.83 12.83 12.83 12.83 12.83 12.83 12.83 12.83 12.83 12.83 12.83 12.83 12.83 12.83 12.83 12.83 12.83 12.83 12.83 12.83 12.83 12.83 12.83 12.83 12.83 12.83 12.83 12.83 12.83 12.83 12.83 12.83 12.83 12.83 12.83 12.83 12.83 12.83 12.83 12.83 12.83 12.83 12.83 12.83 12.83 12.83 12.83 12.83 12.83 12.83 12.83 12.83 12.83 12.83 12.83 12.83 12.83 12.83 12.83 12.83 12.83 12.83 12.83 12.83 12.83 12.83 12.83 12.83 12.83 12.83 12.83 12.83 12.83 12.83 12.83 12.83 12.83 12.83 12.83 12.83 12.83 12.83 12.83 12.83 12.83 12.83 12.83 12.83 12.83 12.83 12.83 12.82 12.82 12.82 12.82 12.82 12.81 12.81 12.81 12.80 12.80 12.79 12.79 12.78 12.77 12.76 12.75 12.74 12.73 12.72 12.70 12.68 12.66 12.64 12.62 12.59 12.56 12.53 12.49 12.45 12.41 12.36 12.30 12.24 12.18 12.11 12.03 11.95 11.86 11.76 11.65 11.53 11.41 11.27 11.13 10.97 10.80 10.62 10.43 10.22 10.00 9.77 9.52 9.25 8.97 8.67 8.36 8.03 7.68 7.31 6.93 6.52 6.10 5.67 5.21 4.75 4.26 3.76 3.25 2.73 2.19 1.65 1.11 0.55 0.00 
